47328536423931106474095663650428945683
114524875491572572331389072827154206762
129981338668472317521549597099209157717
94219292048746483162600775729372528033
244117391833954347210565445399674780852
217561479972144448840867691891553418561
199166091534420680809743576190124576910
282650762514989442667353746193930555615
70641374729605109609750859149109918861
271642886753544175359361110934440557142
318864880266844332937205761232539072809
52044055427511316357000849004578509648
93184402763692275820046778037269168468
11987496323330721520608767294673622296
303580007331747928151303327903019947202
180008690403572026146323733762598562137
5502972636559371410314572465971040326
226551982887477421763513372376983389531
108771821196550830812448910172108093959
117766846361220279130463852683870304270
20105328346966130964127145448848508280
200827342208021431023758787453678320378
218344717210439793564848488349438106476
329977343862956185951671319779236919734
255182033879913991681860621593498454951
147039916707074858986655772364560867543
186778262537278619924040786969325882127
400494791196584387078374626815097290
4195953493215005029845253103413009265
96334216996204897557164085993355037698
179407216087301673055218644637757323641
220732947487975097357621798723827175740
221145076934794043312859650095239905937
131456572884454867659813026029379638429
300630813184855218102662930115411031455
157276477215876245385508126742484374922
181714417589896988166158645956892019609
288495076252844774769548495072472629853
0
0
0
0
0
0
0
0
0
0
0
0
0
0
0
0
0
0
0
0
0
0
0
0
0
0
0
0
0
0
0
0
0
0
0
0
114329291288352076751134342418630236884
291519662586854456587241477679596863094
127350493478004036065248688390773356385
107213413187617882168173557339742501197
70414552866886230235707962741634126690
305217359699476064445613688636907278649
269021351201760962890030198948832735537
35523685311048808349462075453558022982
194486148794470252706974073562929769004
156749719312736720234117878771628561119
289802141226029672712735277390217278548
332733637279590964114186363596688879507
99909218212245087617978818988467209695
197509659976756688655459884426943340599
131981538327493554922588786312982399737
190116975707179250460784368944640055447
134493218892351157920918552809517511906
10677607060851568589802517445861588152
136992826838374212201657778499988441604
72840657526682354001743138437476563302
61692737202349078010102220761970762336
214495910598497342671234301301200234827
16299825857829653743514299114363793594
8084981340369230925528087409684445458
264660902475650306417185444938888715986
4802696306485353759925724958432119021
264345006628457232170615758868046624327
32263224749296392280326089784074950807
200110353500045373795018393750571195763
105112018191835509546462226207370500625
300887877215159202728343252941750094869
283483337366297755775717829781617314477
312783010374625537383310785739842964579
309442516093415153350360159278161151024
285196927824784040355299197182128870742
28758371651436969430349689458114971462
1089116005121882402551494889360235165
64510118360265600534668249758932958524
0
0
0
0
0
0
0
0
0
0
0
0
0
0
0
0
0
0
0
0
0
0
0
0
0
0
0
0
0
0
0
0
0
0
0
0
284111090765823891474538878038135245229
194698948834959085747850312230407602762
288434765864672979246337278138289312045
68548274503495061526704710466594060391
64648333495807918691973941723128286884
326434606387546011983495255299016891557
239179188379407772745478603204386264456
339310269218083251641817907599674814518
271219425711304719637931949326214163989
20260468739812888656026740734442506444
16899777509200325983616753519824766925
76420833247142219209510527975187825919
244074651403384451318587606514162891393
164114321933590081175269533221643314383
320104384010205730989803535584760785535
91254949936153502556053421016935447147
49626235450783995785150396904856969374
322248796883084500836432844185620209903
127954508269783428873452287827777815442
182589285518975266437437353583735554670
42136033040788620562000737061101224756
191476520772907978606086421611857567789
267606958285184248918683859437018130185
141518216925181812628516342555776358407
6994461994191124721585282613031627156
308635229496951981301891263758576872531
48688583318816358031403188163945518351
201592357448968974551455278577073118078
26256842775743700018017738150843344309
177615504164862159224797087680659502279
15873344947380832821609878914974440007
281535903826773791115771022559425268638
326133384261508750393941715601500282528
237786762987127105486757281916404047030
101330360800755487257411414240088885633
128874003728736525638150607012218933256
60844723047928088040749781554546230338
254253200658944646528074286811808953979
0
0
0
0
0
0
0
0
0
0
0
0
0
0
0
0
0
0
0
0
0
0
0
0
0
0
0
0
0
0
0
0
0
0
0
0
39931625768060224731945117307670856904
192781912422464582462597839079165696981
52224660581983473462879627112879893063
29974927325793705757067275786701120503
57618823999442056965719344817285988697
247225394572780464388327384071834331691
229968500026260504430652997578754392539
54365294198055344914891141705226681507
30002891453884834300858060232843420894
175330288984539681392386761706457855683
48600570622158209988133205332316304880
221326234028867024712236858979538945153
33246719962434368284395660111969602593
54510702471697480090405413655698535028
163032752031636842637516578368274678281
20397562189377932286881804427494995187
251875909018558740466244967221768514817
211131096865360891397818720204647895631
291283493625643258728401117432288891440
143869775844053068709731571865718238144
315789224797627166681300068054366437509
74362996793002895409299568952627781511
179208669405818575097086484975443382742
227768597174884803913366504203990901093
210739222770103232228673628361336447603
209239185110436114967529432592665818907
195888605490303311514364353618025833971
219055197549423566214327241822272858001
194074848097586835260296693520583558332
45222845530693470821226879653179056113
85028410126325708174749060840227150464
218790313750014372484773623008348200189
269774879503788952956165619722692508865
120938344005339095822576483916917936435
194804906973602717997310241226196882428
127752581304128185357622263515244958674
319726220667462600898941419565021363845
120906907965050785157816099032166072775
0
0
0
0
0
0
0
0
0
0
0
0
0
0
0
0
0
0
0
0
0
0
0
0
0
0
0
0
0
0
0
0
0
0
0
0
159720402999450330265293676989024759119
286903849905797195311814622037857933359
325779784236550135879207225636842088371
234831994280833680007889966398386771635
170443811814008437000534359513405857810
185911627271998505811960294979557691653
292594914317844660288823448079679833173
207765538172288649197669842745996951509
311501627517232373051983770888874772422
108467117183935757937450438725098871491
71151991983888253585074217864366523372
202468051321454989953616752463556871349
142321369088820393691306298550362363297
214489237330424661467412896735223161787
170560984217577856335819545972617583856
234610346604077602384350003441112105590
267301132959062317543447771073586802579
25400630545261297183282869984566716850
298875900403193884978510498285475384771
22683489279616690752798816208044564025
76052651365846590767309249359561478509
181481211168575510971189564384966418323
304535004182533456529971135554858031744
322835416311427853154929897346276071991
43069600915280906638784493354036598521
249408078590473776624819591269503240679
43956756399719037698483719308004878385
297287916029507437277182088177344120110
58375801103648906777732816010859089625
131095985740314171843300575086061934191
9510796680265342932229836760170743994
135189154647478864211463666008201629354
76201042188548404975036184656583562658
248530478506509045610115552619457910820
141946501521904321201701697681778662282
304684908283493511581927759574242899466
112803697504380096188010396265401315575
252890232825426144961248937384160230082
0
0
0
0
0
0
0
0
0
0
0
0
0
0
0
0
0
0
0
0
0
0
0
0
0
0
0
0
0
0
0
0
0
0
0
0
56850731475839797489376737372356059252
303018070284991599059666204276074022751
93835437437971051732833031105607285679
262102948837369055658726634021383364715
271557991485412088915956172492930561963
44343032140424949948884707264149792400
222789662848968131279976619110155886034
201835385406140994118772891877384141842
113134669731458672985746023529675220572
102325046637709122765655171566244780516
216491814940737437628645837299487950902
284839200660401273024543748494046073093
186181912673699966656702744775613992131
117723184339493590423844672203742200494
318833592108858509952931676388291405524
57463239995988228932309721594774360042
323534070014829027602707787858742606241
22992097933253709853768835754993670232
218625342299465171029902872298440516789
337936919447472707393881023620247234224
120353702336745039871642794779219302566
154577629171648739175715329870818504886
224766427807588524190701220176404542712
7833655302066365712307931164030991714
80857618279726910067472349597109922160
220214246121526005280864982321192937274
339243312227694311308698073405915026137
197804695639951615600649279714187636424
10658537381818954692697761248616379781
178763715780681876413567950233878638192
155213552306149170431216762055222031138
44059891378636577447499884299454613007
112494071875879931840887156270379468460
190238383374192100002067885053796439255
97244414593947574516114953927984533936
224494154208080787001869352429930534200
193566771788391803732047246132594626462
272179556635933120707663377441896460430
0
0
0
0
0
0
0
0
0
0
0
0
0
0
0
0
0
0
0
0
0
0
0
0
0
0
0
0
0
0
0
0
0
0
0
0
268904951257153492887367816825707597076
316184538254709992831321358263954308768
13396093429648009464365009760174479086
324336546948896088156365977629949305853
120676939471900212044749756245173997018
290216701479890356681368160840075042201
306886987807970443891910529938543686557
283613080082379118838495936788967828899
334989374187254758267670312968654420676
213121450235556120423204733871935283914
54651667695813259258225155428207263647
88578003802365763170597431179806706231
176618789777299639095709118300926614494
32659651705222606545890232612896820029
36127367679650154897315822450175431244
106573778161082147247769503530503107758
687075517423123294606946369115636095
156967373663985203597280063664026087978
292272315355616741656499091783691514173
183435986525032817754032082162979124145
257060365005783754926456955267761661521
255318502253269555937545560723599117674
201915654783251129032398803216193431223
323799191877009423553771027935842674962
275223609130353703574668098825376459110
29638472266713729022367415182441236585
58514253140939800672995661432546398155
54085750940342059564130318923564260193
15200789226664011035945817350923396836
192290919434714797143655494017484988473
91492260993145070516878127480570084278
149006366038676262661767709571026628688
332273833022015712405017320626756515990
137168259507902866999491690185120842
311522151902966187731362899100084620991
303269678412809308014226401851011497268
215094913773788730526109778874819725817
139358732983253199430154309341660839920
0
0
0
0
0
0
0
0
0
0
0
0
0
0
0
0
0
0
0
0
0
0
0
0
0
0
0
0
0
0
0
0
0
0
0
0
69037779513322947142220398003186875164
331845106550401830882810610324659922862
282028170965709735634404401685581435937
169823679715597970251276440192225148884
195460472051933530429339051723981256585
167154394551746044410720859908328729232
305445809117612521086635148935273642184
110131631866449698668627966722650953210
252286874242451939085389148269828651593
320148851647088741959093733879878379424
45332209875073860257520940602354110707
102774001138721775521807060977657492856
146911186731559662313329198279748231342
58317913746279243442458410219718498944
110263703099127297344531017976706471001
81405520902756279640787764681829311526
124018011731303627549605307796186447091
108252198708308876820538869879921792801
86242649932038241061853472423560191057
100116672746287271718641977684893230588
124918664238810424599985082104912589318
248063261067199409227444031527424502236
58557857426949277695561567429720945467
14680253473991665806494706144998694717
228167220305848330865191709643763016213
201125691187028928157392940988089304670
51808497959293251275839699649785386933
110157735442635873969041081160453481931
18061135316202951208744299031120913269
148953933339162608096338257321384117924
131333828992159366762290009565498600703
259837135207745356118538462394611045460
29042714516131731745873742289994105574
189087216053356153527890044547080655674
227315586245303387183817923313498853928
76896879820033263586865072213071014758
188492326299695709646153600366294984957
243251425052755800792514404805530919295
0
0
0
0
0
0
0
0
0
0
0
0
0
0
0
0
0
0
0
0
0
0
0
0
0
0
0
0
0
0
0
0
0
0
0
0
138595888308049603299150038231169026286
164651873536103040878392330143965317964
28873460535693484188420480356816343228
132882810540233178686160763198087404180
205497338878718455133821952950622531946
216132101794699113917057262263443573088
264302471498348379551638148258727242300
116894339495507905837004781498420923512
59805451206561866047162270497149217773
140504166934686734557766811545352308298
303506993682557461326046215287883355061
104805078731119675234159497731347184458
251840576578875916173858426987265834915
184260999535580451798105752003900983001
42155685196740736994490883483247455542
330730086871187441468706571698481006748
269865883409167229614336059043820593194
19739402175508999405921373910620610529
310027869450360883797281056632654771322
336552616985261496464649749735547851314
242455110450519885610282798125610851339
209928499107669071500673462073508855531
132731191668271848257611895405440758722
293633017531126569641055052035851764454
70557581978003399168487775662202351004
337143942219733718154065596565636025583
103227648404995964675027961756559664756
75570719090772566494643932553716426505
42298878000440511833759429059435268502
284544198480669854077560060886838450036
28586104381252795607820657864955496636
269881780062171195628397883976565338682
56918605194654723565610501533531871257
306925294738519066950226845908512225382
160805299540920352124948842202349865333
186998490314255705970594616050480241928
297568734475767486769712923616003310629
107521892342296511202109052579710212147
0
0
0
0
0
0
0
0
0
0
0
0
0
0
0
0
0
0
0
0
0
0
0
0
0
0
0
0
0
0
0
0
0
0
0
0
139220262330561576738150524530607222099
260009766959946833490331397558761419388
69555881261169833575471195496705115362
305495337237164977855074425078898970727
228031057159758301094449521507067570600
207087211718964633387265216096321645550
2993521174415073008061917564029088927
89292345537099303084798015841385781056
242845085810835136835846796906851960228
102930053099912532214931925165289918214
56406404139336169675843049797158710328
22716851379030100215517520549995084941
284326686120594920858691290866617678105
96314090138871186879663221351808148277
203295113187759823061508187093021737684
57207524614371210211906898372611973739
245038912076724286435983680142676297846
23558187734749988945870212926082507356
331840225726678161575861437705049620468
81945362921686201200180512154494475702
287698367136410310386304925331988694851
205866890611081707367850501032167203644
101592590297935185992455809186124261439
121184723754337917715018447271882120234
314714621775390712148480910558441303254
130660134558285100928783144205462604842
188234947374874720369921131487296608400
158216643590780730013383129901101094959
290359937872830791343712552730923992052
119867337099192935382521121486024294750
265375200834153939528774377605224451101
274413142865535321100225829386326178735
167115160903850122299999046932839696480
65944333287809609950355177372999362599
114841483652037330123022601075428887651
71077152905606968067287134504677628219
102043136156085226996019131194046377177
91487576793626015833243722315189131572
0
0
0
0
0
0
0
0
0
0
0
0
0
0
0
0
0
0
0
0
0
0
0
0
0
0
0
0
0
0
0
0
0
0
0
0
196645481602426789670496222272078750340
240646107427271649369362887260715487884
162781546083681790655686825184463986537
161126660435545033180651203178170872291
282238780495162316544894887946871716065
296396041083130686881926319529926349964
81335734174429531277336788148911674791
274637217190977963913293267573740050117
161017119550977743031263704661807454033
57539612349132276239326156366783949122
179712833580856543243093347376306234172
5960215289465129490970707245936192287
105331515952052535930187790233916234548
52879036948170745864072667500314095258
240156327428290629802179506049878273004
14225824092375904367577287188240040613
7007909624447972203567584789560901888
33409056693696189230725985530426386657
64003191492850238342361195702490224928
273909131595911071720892685755717397999
193016614602842271258027671097156040945
329649770599253818972357132802201648648
233294187522238649333101745141063304041
141469124678929280223071925787725346935
337321388264209401296132319213905868293
277212819177214815269007965646278917296
226185760941825954925664892261043435359
331562274074728481148897648597634944372
33767815570585788018692681521460684593
222610091507219158392917563103571693651
130693614148365317322837277194696187471
204224065485009621227341838770623256553
5751954007079368193446234407277159338
335635877215562940032386261719677041762
300901470477360083196411667340814102530
227171287212673139571323471569575116768
87638239369013446073951472570163914792
282811550421645795606694537767546394553
0
0
0
0
0
0
0
0
0
0
0
0
0
0
0
0
0
0
0
0
0
0
0
0
0
0
0
0
0
0
0
0
0
0
0
0
291899416581038635264401673347740569353
29769350267065083090766456950776463604
78490048475118412709865471709198707475
330164091725142371076342835976515063842
144790575568486729953837716288441479065
144891615456812589125459199315646559498
149562312700185675515857749223546449971
221031252156741594778170261251979657569
157156248735320044810108767844827295060
254951631489964543103700700906690816004
322340122333420402353395516674347751626
123680300154869249392782701200898874496
241086462079610839882635250172775419210
279059397153654344221749018483734836504
277112858700309525790785471321667901710
182922203739346255240755318926490880257
61786686581672478995469131288191588787
108145989515036481210904716950225827881
42346109746402588690701531212508471192
95430530859674442279418946079795101731
177081160701774183246712677309326508981
232446170349279470505505472650457928947
136722292102690636213289846274466087712
84430492794089881812602487789761936545
149230467734036868927514289646098272862
72005388454934093561429429108093640791
299537616914731634663246290091187733916
316236396717727469253474296886462308621
25625587496382590543952977127163037790
127842026143124439138015473423158172417
77355489768571881212365438821453080487
276161549400647830432999000026944244379
15402417332784583111829865200151313531
88053129249595134115327386501670146720
36861715214098050105888191446528995906
86121667843727688581473314784201720353
167683457979946001843614178747909959182
153269813523469132698767614685003075501
0
0
0
0
0
0
0
0
0
0
0
0
0
0
0
0
0
0
0
0
0
0
0
0
0
0
0
0
0
0
0
0
0
0
0
0
191063005751341548438180087981785376228
193084311456582907122998534216010292866
322833180843606706413827279010585710828
146581514415289759065639100865532035764
199603740268070850273303011390722032921
182489763484243219547606422168376733269
153456558088171978105846292357339085072
286445379290273978021695633411471710617
204664557343566918513964011164537057661
310048932949949173187053276153182533397
333027359558278285900244839600064079674
114373443477835593274790027453305387959
322184769677628466383317189234373417862
56842475106633155866863588450756424907
232401807682596872611529702290716955735
111375158625297301999901380311261335153
296710124404090499836659569200754850646
328861967691230000534579138263639255299
175537287498569202135450851048662838107
339948134455298179707784920483801418615
134852013094990881639483186927613023617
192410520101462073282409477212563463815
141477647593670564215321350829902392080
115741095895626080523489866191593351836
224099678914236369361922309299967044400
189528484844592803038552262144865506126
80292547282514165033201481780289027025
118258961085244056719443466301990772882
116047961817185192696929375814153405149
86380232028245553645253160846375839500
184883232370929616357711300925520676226
152177185486762111283400546678507169735
291296137948384274316034548352961079217
266269017281539378338459683115518807161
306593107658216567904663939353305999003
267050223933674164805618026022821016319
130635452256723527909927035112328334213
329502034713511569149905443698849564759
0
0
0
0
0
0
0
0
0
0
0
0
0
0
0
0
0
0
0
0
0
0
0
0
0
0
0
0
0
0
0
0
0
0
0
0
121977019151675334128942425647858846051
106244316936183170916525205811793088887
215898941696521870372969762110137959715
319810695673108757960357482011814279688
147397077203432484390270185670273879411
274262486573492379256156822404307381127
291986984411232336834800012795769673505
69926077324349985491920928945094930902
190051763682519833165715994850659691487
239778482002207114560394426437580294944
337687112491971537752528763038382576084
51978803953663141699789402839988900418
337048398077440922563363708045253642315
250011639723524369356306035105118819467
225508763566147308707487687365033044768
146411746199243443552933515265706606596
315848357836426654636542502708365153654
167497531885941963210807942730715180591
322998864994907470763815846566992402556
61311897264199989590096670346072187463
203779210428901301587466325564295962584
255661021158841128227084610285838751242
169492605084511895882717933970542145897
269423317911269551067197536543606112947
98275440410487631323539175766050805263
302569080111070564223802283715148282739
233196218994378395493885826219558658979
221237598379370471572003808809182582120
175500286312726189586050761046242955350
23723258415422850748316725060630853220
211751101107526377307255410573256556965
337197994690050131746906265397357167010
59658698429048286370237858825625554735
306786445391235746690957928128528555103
245019846708830821022064793436067317636
252686400808695205702657924616008835776
261128689493561088232881500663845832895
221383110187952288902430916541637831918
0
0
0
0
0
0
0
0
0
0
0
0
0
0
0
0
0
0
0
0
0
0
0
0
0
0
0
0
0
0
0
0
0
0
0
0
107447187840301465637465903461910360308
154386232572862534978445806956438464523
13856804580469186170123756069283160162
89726764262484754387814380057417411700
308230772858323088950771975799561476691
278606391289323161782676305981174351711
222102185907769749259204848596544706979
88332494668060552964115915783169591489
182508328790335887794441279008676471942
214845898716652145891142597907802262653
93686799779046839324802786125479899694
8311518083039599190792369567495324885
205277679800429816247502273501509444126
42006219057770311201574069342114129301
26153928862689907272916675874340313837
339358857841236273405039050181976558706
17478504057412626869848567925426392160
182816814331759654197195215927487337618
150302413761336752676691862267585146498
21590645194997110451415792841130994841
211573396703793666039678238400169597502
100976063757320020367894110589862083550
135432675648611868607251127819704100697
175935904529144790613315701809689927834
177301533215244138360444826531738032119
202199001790943944060356230038434854728
108063377973907781712867329771485241004
240896967455866935429313323496438951056
253277877667296710441256102519858265421
85250531777174793836689216074943105243
159300262703207407085497500348225867344
323482349913555188276090075085448712842
265383314053263946542945955783976340111
308752446224632726871399399696373252394
13458141595365370158545611112045509265
39488803669951371979538736145516201964
67329389677668525862821431655987438512
47372047366776237800580702469955149342
0
0
0
0
0
0
0
0
0
0
0
0
0
0
0
0
0
0
0
0
0
0
0
0
0
0
0
0
0
0
0
0
0
0
0
0
204403073641280481715734766381226406380
36918805327807387451987287488256870061
295249953987733221114493752938459410423
72269060252006586423343154728597059124
187942917911221972700426214876056919585
97612076025416741350920753739218381485
57533319964111172572209022744604075257
210523752328455715183428147829006175377
332624691586887439233343626043432879520
232772038608655558740967975526739972474
130321848612335770602897753696789386135
16380884703652294944351411072503200889
67040034529294912415899084153434935558
296442355041421690116869731028430731749
277427935664080550270405136234946112822
159586736138710433339822066475574271149
212200244670804795306460152147281684544
116238950714018231654462180914357062461
188002526309995050244285457209579562649
217782858894516697631643829463076686662
315779322699366319489731166204254662436
158601784385802052007487366039381748603
277115650477669356171183405322682993936
315724679873329405193408542999282016259
131420831087247458326167808643107758639
200191015758230120668712011816489638339
101307617412961015578648581631303755901
240002100292053884506551225480368688409
180070769420464607796593504671503781390
78949704514546101767470437658476463359
238897922292218407271039339825300122464
167711505085646349507800363974256360915
67103846207915705751447419584783204621
113313825434785680900864056607840205078
73546277807444684562974553477490657114
27990159098846315107501032998850678392
17235290011716180375491993882435585400
106518517464315214159028170675345247620
0
0
0
0
0
0
0
0
0
0
0
0
0
0
0
0
0
0
0
0
0
0
0
0
0
0
0
0
0
0
0
0
0
0
0
0
54106094114093843352406794248262830234
32456725836630758766653979593346628282
213832038189835323395451471365222035926
327363205496641308503275327254014143132
238756829668122616169082960654383384704
187508680510662293411114748938058540178
214804306098919658913371213670972631833
47994648082600151673133679686008447693
21662159303153361435997988044333194518
267360331932566988337271845161806417851
144540856111565079815268955583540829830
133880604829409821909059115887763813678
11840832540540118730096935581620789357
221958824509182804568673270256258909925
6403070418315259183209878877132832346
72617362375635624936564261192179074235
200889118653015082077434343836463228664
37034473356242393533800557121771561574
315685946478050471794874384312848827172
70601285746281472398805600666852356512
139820867126007742118608615913494579211
299430431418225170892239493872690240389
168897032405121573353364197568736398397
134274449352294106973441978381111631494
273034152517544501455972299074725312969
150343624147128209966207614103004548535
76380353149125455890249638632559945612
97894015549004823870506736287426628040
150877320658190807808145061717782255993
37040073867656594812950575725655653183
99044399830965898993750919968599360409
116743129268501868192826184349888328150
104078243027652618312543912796721705930
1687682238310686505706116795128911434
231979333287828884269656532220427292590
195282712473956060932232810749334098691
73700288002747101876376813179318932893
211997934822103802870691782572595883131
0
0
0
0
0
0
0
0
0
0
0
0
0
0
0
0
0
0
0
0
0
0
0
0
0
0
0
0
0
0
0
0
0
0
0
0
23359568571179453124886724892068480909
175361879207471149339667875868586471410
309329976917943699325024124692007965353
198354200267291719770847354131825644119
221611830186979224682446065418768515220
277104447178072810749943939052791865194
171199019981898563390345799892828387288
189883376089595443222866983896185687066
311369532255796370628305520471203025691
36310219670529056907927785166783601136
197283137955180135019978379094423236918
307584059839275632244816122060650406714
2721300129348126655610262636625603073
253553016610739974299245923341743454600
3013551717655890663520306846640084528
202327681656327009956890948500275671746
207247409843332167615333284488474634202
1195944795988251477832493065219827355
112037310217713502150309571638252949026
194191302364605433621340089532719975793
282112939382326733642430398491207848341
64119156513472129984864889555768366823
329599249186373698828449823186179810834
153078763641124828973921609761058150473
67187905191450660355363185334756256496
108699885609997348423860587018617929897
34508289419710909391688073501017761151
162284652901296600729931026713471437028
75173278995900813404938388243810073602
269841186599098908511366033923251168726
195864899156557275183720803129926543200
306099275695033146700968022306977557663
337716731791112988013206323456797693456
138121756566708636707411137681103465084
31061997326385775815902854170701693547
292787692351582553290324977600900800083
247267609422606176599317996877642554411
32430618620485555322194282069123343700
0
0
0
0
0
0
0
0
0
0
0
0
0
0
0
0
0
0
0
0
0
0
0
0
0
0
0
0
0
0
0
0
0
0
0
0
222933093059095399301881439212092631339
133340877657823079413217337487550280556
15891313789626132017050313883160106988
295495662487540585506163578570552759989
126183720336307601764579346467784091038
79430712994588004286975900102283739472
145060827724034463555347259627665175082
22593787419489767429153041961443028602
173386855458787524057153377025382562464
117850992414110890455951718059419887402
85030750343634044676806765730434845353
261930657766717294122668004578173801282
158047573294363156685639727486348972234
240057643411375358027156089374023388986
254752961228863633499568836492620805062
315004305061835948329714908699184503715
111432801979855812421593017302876982563
127695694674333762227771098516953871277
124454256637657572261682703315343166764
47190051716955743376170733023541670226
96057775949304930527631651385046106811
159763932305074403449411014320921107176
95195043299870519529615162488151479495
183774847819816911746813856361207687029
80263727002157026863562130920134003909
119146011374126318671186375647245815405
312462538379231744343074022029789820574
4531891926091361539946737060093543183
41131388126832350411332438388675776868
273155932065138825170105535991240016365
194843546019518087101398033342085013340
321031746154115918894455257973550173083
87272555975119774190623910716152525166
185498998755913143182776380457189321407
142655332212701091770930481643071969980
172769202332410936035245925273663606637
292292878440714845974999048801183452151
207391367512551919370010440092282015362
0
0
0
0
0
0
0
0
0
0
0
0
0
0
0
0
0
0
0
0
0
0
0
0
0
0
0
0
0
0
0
0
0
0
0
0
213783888834510209005682356765804074473
157459931126204594761555816046928150751
221219034206348480015433330292748796026
203019193446354656920290463927996707252
30084575176926291420428539246539099069
285895637560106812549607668449393926345
181244745942470307926633522270579706524
100749850509791246354778900387643345754
96656642023403275444202112719681069842
110838913758823227527598308209641354496
279574573318789332360885357626261418345
249814904631548229186708145842812857592
330455123926253050683001752030503811929
239007630487153948219614063526332845359
170955290432220611891344486508838625671
49564190539212247826585627605039457781
69941524465464283985319491834152773789
4410815386928827088919508170581603039
233315861461700742596203449564550026477
92624025893329005359015425178393123984
274464292873374123202073825698780979814
112893441989903642225312562931053678756
269658554673239985711879742737511561423
148619874322913081293335199784912737497
203443209844449348256415020487813581681
80558430027688120991472973730241067152
104613897641505503152283593125770185252
286216485721979002627304531002873875475
182025069838806144158646205607995323733
154194341037109517949798205148084230001
27175145782425508499026956201992314350
161392754513197388711156953203804980202
339970924797112851572309370319794387915
32197424455616100345573277742430679292
309132029811613837224293522426512424356
309205792625559984303398431071291489434
48378269215484627543549756407533612410
238728358332723843970399656641977832642
0
0
0
0
0
0
0
0
0
0
0
0
0
0
0
0
0
0
0
0
0
0
0
0
0
0
0
0
0
0
0
0
0
0
0
0
