183618957880075877549844059254388179966
192633023937462283477472330362708528599
228440750877075315412610307576936162666
12094549049998468462589889426453343548
218334144788669799527038341106628849713
82180018345976278459641899718081943134
160363383203330114357598000857959945745
114684555604580793295378784891803846570
143460878024573084979329815972888895883
48315312641893493387544181200899110783
38295441435940173135349435316174568324
163355582412629898973465109525159719001
241246658910302937153888406248584901649
44605027125088318127044093646507740519
97540749356075632917131387783996646166
103649142084028574315590988439050637689
142889271597145188802936669981641858465
217996688426576158475924636866363087348
294303568274359323265339493129789134706
41354517954036194768527342580328976581
137994064710104013339016832758358007707
318154998183378588002562807661689171437
26767167248760315064129327907953036585
323266209347560163519558785777170609990
128977030629106561347335680471611619773
175366107708872024045855214807516186470
99878635816979365781150757462720845118
305036849083696181602021507865719467100
104492636603718726368384950974474998446
142583997026152417795789287083246417215
277004438607977891463126579140690156018
60390220126934239343135178149041665092
61322974340508094050798505943545715818
39987851850886342259556821174014316130
27062324218680613620733725994022782871
174574727012429663019364180990930309761
41341576213649927813293032581558668836
43199808882745428162454957773431183312
86167747852312663298829098542457028120
319912635467059775659798659790833460620
50944069941118438475263076680612900161
89580742356835667133394096740848380627
192241608000335881396808617428665963928
303793118436621663238107757842557570925
78306699605336559059007442400596768438
267261625445474780265485741439622097966
315312396052223599543571986861771421260
222228961041499966934731578773475316088
178073576252638263388319333181248944920
260579722783974203279248331297724533321
331151399411176799111822240472421802432
108414192329959324439670038344202097128
314167844237350002198580100230918805568
281311913923542527779797080192023879131
311679967568577655824596656430662815740
59871235321817500081365706306929270295
154369824577720919625593001153730374188
255190854251311422576723286184129321434
269030228810015882749831034377694042098
228695505999926484557907406423719878300
218447501911302493128022744983851139752
35954397642741060160479667280793298907
329322645125382675301264989557961300085
292186366975472609482037213451000691265
76442241001006115031907769008323198405
279859587407012747336044382082960192122
27449203905702160623179725759527253250
115978920115061447968315952270361928344
283712344653164627295544799613010506912
195137822780063487412829846522914697237
34780046392430601274484516538832285858
30139083516082813786322337958254669271
39804924403689577009423231968040503494
86319745387276179755713573324890409270
192056898424904554663526570421846526473
311481440120107756516981845820027155057
190136717427499431635975075366275318469
39804490092976846245498382210859894063
218080409755085173234723193951493882397
33941687910840650528272771741557346364
198511964333031724034951004383473862551
198195806959241116421739902958952263291
173324098696248553572155935093056848826
89702143934112627181929465603428711980
46045256565080883580300743500978894718
334179675765193908252677778402579997277
275939200077471739430057456116924509991
268739266531754386757576372932291449362
330652749372266919262814282534302806852
172944371734013973037871927583561928618
225333713352337908441084307790383896309
11206746110211356599847420054992744082
294514327732632315403434430885084742125
71303565996820566760527845811176754467
94859869600381632964283365386379099590
30477552344729812387562515416969958176
283833905204776118515734338546218734085
34427170880227662164442988155484599567
294069433455373434584312682331802135419
215140217541646083386426542220327128356
41029131604880989553396443002237386399
282111691990889362681476999808353793685
261570166311309092990077783667604955395
212155934525478020916687563582309179319
53322900671253698168625187693245711970
128952006121813292592465290253872984619
91176935724464444508468124285429363648
160981506479343351067183690873535669124
247960692750134970587654086945824662528
80523070472324980690475354529692139568
73994828815869270496740471259388164532
283581697103625894017225993134485888975
191449529098178709338206939248554712926
323885115645138040495612538155427053472
269773707628847771554544284159415625360
221061383622374146864060683788468044391
119663195219924866442213557157756013876
154240238693643100472055012320328142257
319001061194463494308632412626135058155
37928911249368495033851609518302837884
56494116134139130273957081789573542734
7451589297706622680736295440590899795
285295980989234577855058564080949817922
18240332021543437891588722950694524903
192472505753444394961880975761625089704
202398877446769166429422450473320240008
189713348617166891808673308863850566961
75561582412705848012113936377699283404
199380424713332940933239065635676096859
107305025687137382066809079061252022638
337639710456790053483093461868396287491
246245580380417132231514847406360649268
287878485253761350057201232905712669010
23332253895357501180045036773106890483
197342972184651754864415092473197117552
49244565873973587825789147023713058350
268909053842138125680893384597420366103
5862515212437811622377893431534269927
311208613945328848342080974734817248196
219125773046768684516410758142282859292
269469894653812548752712801372954404812
4536261849524201261848319421153713845
59250290370108318055822656202890006849
61462496904294173923671522441972216506
60596547544266181188409145483070769493
261507109085991072134957164845094386637
93281472989673984548353315452920772602
161531877014526101556838169905052440828
309708558596534929188771656226588287306
89996080502438735138301728831083967898
96074744724034109155929175989185216595
33723599378250986290607185537586544745
20110519624926603900066942058498621608
252191914797460554140106482848200902103
210020870739570781872286816494180782654
60670260832094250585565540311968953124
250105180337176762234266746837836455931
307545166641903070075756587256074002124
101699165349064119065595208649461738559
255447424642190755829091560121062740317
53945486181380859704285783184923156657
63145456933958210952987710120305482141
322689734484834522483565607014971939566
152520183282766499987748530969228746002
123244267104890007205509773264859751303
117324353024963479020616417215952401244
250973318237684000572445417480465671142
205005873766416201680080870319634982312
295134866368713409947507490379349318891
238499652134579407773637052718759477336
288679708154247939706976072489561093345
118714200377706046105538749607000379663
202892499592588526438423061067306786298
201273753688548145856747833304298904709
101495417400804480158008030884811369591
227063923918159979924937187470873692877
61621566918441100575022586477604532414
52926093893092052375947512658336375266
250600446812744702324754258429620247140
307758552371528543103699003551570707206
66571144000036360009464786311946229778
181440954514926124452602582255316144749
337861548977960394233639317349248560744
319440127755111945301510795006353930303
42748331949959906117062781336498410067
282307406122737724563272344435333240470
123039433971350766463968580283670158138
330021822011721412629556674793224479107
126515637901154074937272978001316262777
10154967114539662530783255665075912271
204080453635093486519270723690817508319
326562363231824438205988893977046553369
86334714704364318693449991156114424256
319967484981936967500716889709910994905
48713344775414222492482483606200564763
124010529433928915307351089616836471237
254292859947821498126134916893518306163
185834644171078471179780498939911488312
44011438558852486497101445406925314935
268670764803823976824146585507613598457
152762249083905681839224390983859736645
281016263081806934100146677783349597396
205575572496443775130530650603252704526
102586787160250271979544773483382232920
24289093636796033832600970674282424720
244442166952017567050125213642421016257
310765114594908915281338978240173149521
33975821617502123746235474963668981259
273422949226030652154859221470776659274
7949535587930688826164525027336215459
75829513351064790108502361643467194602
317386693670431360562559490109683278713
298636334687965568674424056245311510322
20605099559644244047170042436141863227
56082742711795254366434799403129110834
66188539882300745728155998833186140727
168792109501759860202458637242413247298
33070901569500380417312136594131996404
133600652824490789145663458560848577528
85781505032367622392300122031494149640
1737127710340641840571271056753053194
223313752759015053072277816585027874986
282370255082643600841136192065410151491
35637519569145499613258842504494249998
6066672266651731680534686410649207470
152570579535471576946991956015676742221
72581182877450020538179443270010546877
185286201359594237573199466972595488690
281095329823468280499345139746407084352
310797869797055551892014137132360367829
184594037752958902869916857485248365639
63868720096958083675374674152819616781
300905052304907575746958720704160852122
236779612906789906774205456462578939376
137114463793560885892513244311034536620
236933333180106489122372586751224799962
273351081247130454968511934990900127568
43009377557810533378795461101614977737
94903715540838575079687892957975349969
234805286838993700560001660495472882424
47317864613801012906393964382314730464
283691891795440082269548680703036446914
105571597686247180052856777097986794473
251605735152306807261232007173279028176
62054020016502176404128809544490250865
23936837746177038734951236625748694848
86095131986239228730542608380653399481
319264316338257531375962846491308574560
79304050097180845090221544363343589729
163633699959062124725504978011320080454
301774958179442760048376402923973508373
151701060214764221288682476412525259053
1075251611050175996432076933798232587
36048233990366984874785297904423452938
26557528580262977715522800708454317525
137843532225570244678007337310501833399
186083335980837275514525059065758416960
284419469836939562276485769098251793428
128834438498764979560451102634565689874
250043483909988558173545882524846536997
62139185195441023276954146793876915570
170263248292053854396309402005273173448
254194150210572396049826199151213395583
159544578032802316961573589473808625567
28063223523679118682951881375113349168
212705086967692780121777558222991725774
12339903878842867771314560980618854048
245647056108421573933842252902718595188
333503418107858039301842122241807627407
287772562513105267320794459498186378728
257425547714783334544402572426098592134
319011260598038985779209326605221354133
258592522864635393262189582639607857605
334535074147775376338662987263818853305
234656193251047458911588916426505934507
192401563453510720776169571600381491943
337445672757639768789187245912563044053
291735104139075787776326481267845360778
181941546208567030385923015908546514327
317237018411399617540773958808388851672
139331871580373494195456906113331526957
52904765715925127723952736286617787664
285548407890064584912708093019211192848
268960306354520187770823758809175160594
151323177816135056269013153645604489324
43077571145242743996903708613078566689
200857280849141271162200535811097686467
242401208314585776637511899024008621298
114282623790338461128187284448534478390
274683222588899546265857571282972322975
334390828254412010144716496367152911870
223192781305833262172221305812672426534
139264511356982847858020160807433142191
169111335719974627159494835122254347173
144519112680273151414410980067267362735
317819458761733397246925031994261121225
67485938498528339547256275531756884085
252576739862641691303312047665168595970
272320643405264449621795319020109364170
42759828545233231787532691407659690591
35884002718528345632731284818412520914
194932669779515952344609470085365531554
11671200972503800654651535459777326166
34244301830413645705763703346792109531
215289669851034373684157012744130979001
120252674858951778131675264060724718840
150698841788016509245386897741186127424
83241925489746489724034053490968200785
157861196251016470269097837481081265430
68071384465695127748729967224026311199
219271482129000858544407989392737376448
67063733201563220841245679288216120635
52304283521114542407461707247610959794
205359104736785249694287198558243062688
61446261687136006399405164828822752612
297254601206412462133179246067848007763
91801521419249761148254045620767530720
12521585340385185442600557234473243791
219910043225539772865776611238668146414
63080554900768437992860196140135973964
18224904328163353514268253790840018208
221417019646648291927436038493378622355
292302639681218721242297017925463887395
48382602550154981366066888268486535648
132259342494887603411903898754826054008
252542063529945703808163896690310544431
205398694790676092124349480586588781228
129276780338797252191087580599473269972
107829248903510887916153085471263973360
148463273823842671668242536603380722001
50423820639801070146827029490791051675
333003464184159316292972392093228661163
305949475619312043765936191004281413541
299925314909699579527776154656047106984
54115290753981735357215310905170015057
93755773519187266078183900740444422162
338747550381584531779052681362044487836
181197356407519454114736184424165488261
28631477239548494064363752917998271485
260397550298391029146905363631295304469
114491611434122373575888352062489425082
103248829626918413578090473146692425382
76721203054147091105415261084096561676
269718165967541460905875056163106932703
298378488784690220542340440424283657337
124197157480177740553742603798625805044
324868235848740056630473550832719711216
110440045604332493954241850094668184749
90428435369816769233559958894590800359
160970306912582500474926074930260640205
142890330887353677477070816240190100212
20687063784878370331961888576186500171
113480877001222083804913004345615831702
325290377582083565638367115150945879222
251305722205080610812921686361348826235
281131844463239272926897444865785504737
83654718141081059068813989249189030986
269420446314544168835620079401252890482
308866902068769515932594899953821156495
277472261105385013097423199440696094589
145983547399504602585516181974697533162
49209666745196075421580676849231091886
148701138625288675369687185353596053031
212602597049216772316368860050440144150
335254915662107865596501888414319495244
91805575820562177403174203146235874225
320093098382493023179781618283683944701
92865222902905894345960266854880255493
279932485661744432132614077565397134473
70149851756327677151204879110759432510
314120246521384264077904332286787312591
291832072630718132437418200310623116728
244615246406482369961042469934913744957
4558667442558845147769197330143849255
86460686168393302487586027070979062061
76850664858382474684650378151724649705
64999474035438482661478703065543238438
74996897658335008135744672740374579231
282909936433317035089458799345291510816
34773397676767400674250693009559676282
304722694557058392006323342265541947133
187489829404451634349254579877267651009
187885718629884212827160682224758079985
133521139498952913604090523729007141671
319218380233830360215369095702364537435
86101701898057346385547380944579028191
324155973167551796351173857536310152536
78254000366833684145880284459640828993
172527906131110156351262934088630737130
125696832976847249659267581347115440040
166044657726393786225930678828598922975
263637937193819956884533813416263501673
53517341567112223505047453618919838746
320484265324092975007833232339439929668
271217562904898671083867669821648275202
264082795290689415925182485505183490105
114948745460499959565958854683977204242
254482799321778123484963457727897606098
85518996877600916950150279512060219331
78280580998363716579489287303130049651
188700730006211376126069094318305635717
285785133463765903296874291028917976063
167278150948145397486842858243701281626
78321540543339761585172676503896123102
183312806746776962700138799239422237920
311269824213629460390134467273003189415
183995477736258639093446615231949506937
199959179305111601125961454187270721172
280903153747825068768405863157691835606
9886970072387400105868335078423675376
209947043946056725396439671158244087167
65317359188578932917798672896737205355
211285069354301004342509031969757394987
216381070865994139414720953831272211532
243423667171846742669075679411118463334
121858091685119115742738231898845203313
219815466292239946060430656947422381256
144568120232307684379971255196768759408
252042226232875107484191337672085389554
99610083721647643970379589103223804593
321646097980376115673060514733145656874
68664275319192967615686679336948602909
122413498365035142591665037869357665031
10442496901279484382653247580920757543
215813410765555709610522969107103001964
190662030017904292395847007470582250243
280321988163451620106203909082471846861
9287664798185537875626389252362440673
180370709323602995704673476319275483393
151942730096074529511096242808648095511
188534984069021026295780039805591003491
19459359486418240218719219938980620465
213628632014647471268631625883139324306
217104427199702477356225328769222371093
148635840715436346625263494175512704112
313701588443002383165735214508774172956
28433788166551730024545497406752581483
150350247106272517606091108309193742890
77764074854087626116786822245570028431
71855570470306074320661442948329119836
258382150801319814846318779267583626948
175999719271570291977924628088032290970
196968236691998814919504521863418533661
246763103713516424838598517744558585147
240570381841284569931431545178143128631
300956784736582521309736673250514666209
74909156373127980433352592939336349345
222075731624819538551112459275650128069
6097971631604345728588250856296933160
325407966916029818186412343606967616672
152967660975194004506807600991479666938
164158209916494641647418151477082491511
110053829339012637844789603162101112538
183257549356941016183928058293346832666
220861121949312223423337106119685277891
20346521714214411660473254757098625494
310342500143630429592071607973175815639
151512159924708830808887467932665228601
340114511978021548289064607814441629687
287221193694165856608512344119826723076
100607415379778222675909632721767027984
190705724157966254959829963676074770606
297817270537517821665230302460825688344
280532032581714235439384376229212293540
189206520592348100077348785132421918548
289297478975132756733652280718285732008
225701435253890189245717571482451330195
216445056758357878753987961464875606586
316226848844720664599273298250064500777
225862089315140558017579680124091939848
223913729842754920042181619341177092059
35965026693676267462556106321328617617
94682483208539529647279750927124674912
298398386238548001138756268993190515037
57854144431525223447862035981467054324
239857777141857470056602332598332255239
310646732080525120248980882167238361926
13706895728435374913613609361265133311
305875320065139398503197276221781818972
276293691784812138546073047110880423615
151845278831499056859833383487704798681
318036064946136267938657980874612016455
235733688643957145216219349536490999571
671094267956822957460234456887909220
25376936159003347641948628939316814087
208630799352126866016440338177024030846
176554095703478344728271649907729788058
318343550787264147959167428203226177117
225315019277045495624756066297483441485
68468425271861234747283045566000803513
155588175108103232812670462345234398685
291004143394931527291904746436857545170
156162596752748623356017615692010181288
88561671173570308904017426304665594752
130515657705627122245144131810643602004
172214840498573490485152925645099136961
190399365520739465468556539567237963507
23816084196370736691255932678571828941
319533332339423800174143949275160215125
12404915173860332654327224984034677116
68702979730582301753441616194275109477
57401241768505810075843515295262266788
73025572896744316735440265539995980869
277328115125729378860233547204299288643
172012816372241087768113528256819547327
185636660755863736728408880430585917406
167825979204644445702560334355715916847
144825002126481797763056429628115734144
127117661917088643745253741566501339577
118036642984831153146945189812949561086
334786304742201901002403702067445779011
26823785698169066447191161056699450606
49489907167911258261743999746516937834
33788116645897445225038535400329057445
275951217227766388537382126186966072638
234605821216747066693744595061059366068
2668864744808088784537571521062511101
125813190271201649473175739573302347736
196099730763698816771811348907758421594
96190225511230780617722389877985422897
154775813524423502739845823307116482613
86949996206754286687672693345841591240
115312484626915653610376930477326465027
231603063055733998374291577388336723369
129462790604978895393699381504117195116
196219856878756806408037223898264625392
94865830583587253439936410661788477851
146003482624228225624032851366982823571
247118274716710651333819411556055202991
281850418058631092635023096162408248382
311887626292664378515777448533114290108
136602549336808862086791857932704454273
284101792275142589192050009236858504559
136643811995370898167393159509601338620
214585653602903478101296806904634452244
94594306156689722285259315227472723856
248602278315843689680009974074769381138
144321460234275081337195710061695200040
99733895481316797919869186389742914476
96826898053202783700979927540194124062
219158751427483795193213960387933630486
28034854695860777187457082512726238189
58080019527948359389747051870456613086
102381246882295284326796325234154217352
264763025032275212572802531695264252195
40073302591437811617209981874299863653
23685533451730266849634224364996121320
28130244038326976644542184616887211826
238430869376018783407188084555042933933
284823989378509624581959003342835425467
179519326473803475083554052072703214694
38369960048061215600352761501970345280
213321636872385988606301920531356796429
300830088585398924513997304747300128809
135310180982042491008048530508909725269
71249142507643355383798094263992014754
287421916418268803346294709159929564349
89783047845800064077833085358098094113
135837957497486179261863914527141022533
133973656129290138012952153556605907799
336159989221259187599716859194686062682
293992149138544010220558063525224094302
238165290480108325299627849182655083946
269496283837257835077992602399160853242
30205926484392872318942743721686051
56773918235884423946819361686476802701
283454968094045638110709757209710074095
211528470157253294780233445666165316819
48980051754437165765388119286657547351
122533906145133288871003827447090537383
8812589148333639781017947099068709813
309693177772798516627530720458750173857
4463435105533820071778437544076748018
206913840875111519342783555625219802344
191683014345134309311730093300501194843
37415803653069232350031299267575778176
244288252433168141834663938271834158390
123327895962903941876494063560866355723
45320207003166281475634774494554845231
284193783609424706603362545878085414053
161564311419726238950942120391204239218
54962329752106544599975875353311469870
380158945395832106490129321629278638
78839489292791068424042462910646523262
5532937078958411707462371457356806963
257716539841458020670180085945159108361
324710234155327384644111777650649245371
328155763330174293851791168269245236502
172627221027871673272724606808833686538
295238760794369057662977938937110511455
14948003827755281776299494032692601522
129224099158635870625361100826935711232
291634330349992705103053927282518648703
246006464657463282823850636567330338001
180335131152905237104503310416990425468
249690835135137547259536181976562021774
298429095188387467664497000162338864854
26339280598274540556977089242754462473
174967999722087737536063505702959619547
99007107599333396074113008096230546941
119921397827668230948852060907059704915
223112645794249293654140091990002916815
111409728398030864302194412416368220354
73770006780132063382111943254558936567
138310823986523780370927932548894308970
254404187438372329439973109916822213550
271704614197585504551800749967884625275
285555486751668076919527689769138560608
170385843036667513774403874630779334909
307107183239411341915777422772405539263
23099775556865643896067386444628021579
160010251829632791173465869594683747144
56241271919480563949668316173433810381
319906307693580668587782423583637928346
319885303789616262027690470437453404453
70616931603948277163220155320885053996
259566879200554965425030823090915542580
99696070461852488859403809358614262373
198978835816720335053994667791563047071
190937421265883233036874490971238962958
42734787368938941401017331624088664958
1323219798926484079828789432960812215
266015436465406894142615030889507799049
35844543251126871969698555396005839948
291764365531286036152242806173101469608
230577669745253595603445484525184156301
58958436684236210609954127207187454087
126903537764530285712819942298797220026
155673158039388334203775671829940463982
251450845254977195465422801294602268306
314356311675977260382322480960055511065
293522117862530591852907662935681942279
269612481304809565486055808486866082124
203266763495944232988955443486389595486
28917579353243169427406917933427928298
2903130509053400446956873464624085989
321232241016521591896710032835560470702
329251665321468312168503769779135069333
30316582201914564429335091556196767314
74356180160173838918354424740814714954
185975661713446840583955179784018410868
137074784438090304069053675521617300525
58642513966528922630762903510384302785
328845350049630383287396491493788392269
32854116119158687861939576240459431550
12062650523320454369689061568898559634
117664446950207640259974446608798440414
40534027156198469177270417692462628717
121301689096258546163430959521862412713
19090321130098801271937773756245642334
323238405314486773730969772839389026018
303093992299814448562779968066473194229
258502174797551867055517215982977401008
182810265627240628709056031700333610057
73512624771687540148183766363751016767
260075999475918856809091935031624350334
140688495091836556181348757520057585743
203319331058432151781544706803976543915
33591263781196396122687809077516858579
85369082860188998564889306446384723623
275570059470503442498886362890731646530
19053159403664365866186961937730459614
102211671126477727154689877216124522874
209344856151572546415508818178108637857
340228872028033009208869847219984244979
11986262859395192342898514000611048695
200696900172939695060676235618491065839
203976772201769567275353520277831088213
64305418386380030919536551247369066035
39402578008895295024975047003406915203
289574083176779826668474751252870895864
35745957921372440432978299282232403300
247577414375421833464180535173843056742
181884240127292728596992173029925008664
235146256409202080295932682057867115337
328223505976012583021995805001838675655
200632586759984052767554492285825797011
254609183486777088218480108294192954135
301482045381508099713420408198859962125
166280723872353165527541845098694742576
317810658806569509746051995091041121232
196189323104418236837326852758278139648
227506918482561414199219468189617444905
64172971303959543754119440436246387888
304676764657455045033296032082180459599
204116287104392061994503142644484762244
311352609714942079020010045431203602875
254119017393113055498065220929893763098
214877758180489061668682839360420575738
182834367121599373633145770860191460932
77509143976746729207191175939249949155
189137423551819113644529403577367062074
139207914906056395839548074398743900631
125371343108723657076491423011929513888
309570318938241604848162335943770221980
69557369407851305146382725430747722898
309152924372550141252647520699082632334
176209845096282569577935923562898524622
75150606974577419831591817466620282288
190088383736769606366866817296023016953
302894206637307405866808572706040822624
255142678863634621897148398673807782972
205177714643049153914100257968497693431
52739780974592007582767965291730000601
225926097348941725870703260645363531780
136654527202212469724631221670457133304
43652139455275320549608209651139842289
109287425695914671393057216911043488537
267538044953019238714133225535233944024
312102035385406671912835426511834991166
69484571733658711049629164810107963799
312918060379658553756179139763515605292
115521333066686723118043464042918276732
85327793091634425678676608677897941443
273847806180821226239782619731909280327
218126019853773567179197464182882196326
21722460197953720033462595335597118478
178462133209785831656340320644784348323
218418128451762692937227831974869661760
218795415679713087002299090701108289041
59533613794317431978208710063119087769
110710194565649887324521950246858041450
142977811186881737697082172357119790247
298623184077152292927571561431338208624
114487584050916710397303976984013236882
337552878361230672461151835297508563441
274970448766187422540958292963476233012
135575105444438296506748190986638921883
236215232539128598228404669833451534902
228953152664506022230308139679965203061
32766267462069500377474961546901148456
245078865907405049994726557944575393202
227529270819351059369122160560770666746
146989661302931143760099748926983247721
162075521209314923918032991873774721044
113331385028874980529280593494103797231
27446217570658796264250684374430876752
92697017172537672507446662008850335442
179985565944232017862317797520389910737
49601033508804312962476995525513388615
166000681922320309517362228981220964978
144620733443823014414022875564812097407
250207855046732698125757837368455151301
327632967087249534165554642359058774103
167579109228177365846854350434190619341
17263130422153433143916177272718869144
149249115617843309436069423449406078494
34149059015851996364461852480163185844
336893053554842353714017804759787963410
160293920361001671194990658835210733052
61146472027988338673177781150033958167
163774191610996208629736165648208301225
242591016189397841486732974400944478880
244828150510746890135697895141395681265
60220238745377024125563767817830642532
121635608290037860374445149818008787939
327073678276969004781353821488816274868
87896069143019706367904837149739266668
323984873391918430810468625312764386450
59468156881972919952693186941571753426
271649327544826774411006414149427066538
111724640605282892403155218666878978885
210813874702931246651351333220869590061
129404617046249719690638594365999306530
115746615164191077550956720505510010947
224788006679920099231573263744531453534
225590105504886562037295563963792623138
249638543452784266625747347807990022192
14572464432348040653907371782161270282
147485351988817638023914381783039189934
228811609117691157342015197328280175095
109878364994070562895442036658918883428
62366424790420383849295584310990760014
59088395403703942150012576497076264915
82594321223233282877660665592623248353
208554051075898986511525889991406880488
249501375433829252964158837392748410102
254541644598474829331027262339144538235
186954029585196029035171878882873658281
98062151093787595475852465447636305420
248460392476539585926227981481935845737
335058205001011541521302959334684828621
192219430782165133738704765737229653983
162659065930619292156505060399666229894
34251822463278281593329839918912342926
285035899250307699689564042372626857433
154760016768330644937998308547060841571
145550548438226488866557755240787305132
143343415747341857335372809427437792135
296596417471669508474399225008635155495
220460802052071731957147171575488812815
173161926712234749799300932136925447311
30525134747386653686241957128923823283
135301379567889332763658667631543532576
329024299334245869614782364158787736540
134645226276459250411214969660138907419
199698977179659243525203654354498172694
56051381075099408539794848228350713199
47124679697415907268155480243965613983
107162003282214792549757372672206889703
306123533737228217589646777137865049832
302209905565098458772708345396199911139
172772047713104908165978066092457082608
121186289204481877480568390322940927127
295604284753169567627528130231625369652
63792792238579515924439077253185930002
59633006075051582834238329356920859295
20368408407737043982743863660969191891
90861438169574558531883130443282298437
88543703772489106084522277777229444782
181038998133144862073874213804207937052
127618555452036383415645328914843010254
185207509396479545721394072171668655082
58402935986865869636646583065589199515
40332475125654329179834098942887061529
125260603301241805661879648208605402656
57887360418819789625137144864424642593
62756134997006429445056361170495029542
22744705532162213881384195463432315876
260980160281491635613049666984893398029
339008344769421856377778586698224606088
73139907307678573325355575308970958966
206943656860061516984076922441654343865
286430657010895867265372908895937804959
319291783457647351966412724849751287324
67180527985189225735162023411838968558
97013084361446087516943034725776112515
293789954455181696937443242627748442039
190471480671803930740400359090555917701
25532972277365182224296556774828453940
290201875165906539553784184673693264579
285141521950607870909014793030687920754
42000848087524401875216520383562965360
174492311281666823609178088856521699992
31889175107407352147226761128124350878
242268341384350121925522285790620671573
91631307072324110183665869788916284203
145835105139249089239262233234860418788
47777740295790510661970541107313947267
182591884448723494918095876809260695550
200264181297319530259534859704421522869
3317342663149572598792292605026071968
108643857537163696258819699083969384300
282821591312328618135075175905660302535
281577493618475304909566351894294162491
260827913646288699742545199290987095197
152485406489000115566260097273383971220
249264655330603608220588897920587572127
244278504158697579324845832059082171846
170116269658253731625935547650337752199
333924751379007703119593947773460945119
62282690810036703086796128526162733429
94743610514896664193042868743277996390
27525297332976477635839978000399559069
5014816442314364343965786985992457230
216659495173400062386092824024353773111
294979292381145941735847821317576914678
326183628214253880956893062537556601773
56435486791438371522902984216309727637
35710671607836738208958884479606539991
103640456570410887011983279261349852220
265720341313661502140369474613653805193
312201182399177458620083590257920731263
286542648343863239104076002466127868542
81526970455816667791822159226277518237
149166711776467278250344321794476564449
210722173633528050433826950897205300151
334468534794988894540503748445093825904
248997665157951547181537779153611567860
16095006615432632596238069905674644503
110890705326661435501542509955440674346
226616855472191321401570547105418819680
112062150487351625522913068772663195375
74126660183301213194158504156363025488
98193232372809259776829808244707868960
299036988602363027521151689398038133609
18631435594785749796383038175909644045
263875645016970202837344862412307080313
109976505508323313241275365848426819801
332128668117909114910895128988450228946
275543891023258768869815800915696200527
246075513424296575849140144875565364515
139955642793846066840628124085526574340
188581667549011684405169118367026729923
260263057507810985554338183182565010367
232373245336404765562002881625726197854
194657688166972521918696803400694836442
242505963231302819943664800011478823812
147410316906444183834507950775702526804
153842717023050743631271564987706842353
287188687338327818374064360989485910768
297979180573474124929997014167016687934
68201775422260797658050986799422872218
202510157982575913447601526977315550524
64516608609067903598522076941733898044
59960009426747627769190783449235566605
88596466612864855547132706959521799533
2175263279930912586282582592374639472
289747459164775447149874249049125227525
86989227025616423429767304696758165781
228264363247019849246313036736730165129
334779503599766712294237646744673736038
38786311377190605015802007801277418410
302325075166805670447788220998366137710
117500651802782532355495234016783942886
46459296349722413561018026827103640561
307037926118136880127344807914481668952
336076483876765041377704253687471254419
260691372084420809952128994684720620837
187878437703614971542997849959635325908
276259472386696311985381486906311408309
202366851965527021967560433968619024949
83004978425151939381145270087633959004
158585524299695334780940852051074602957
43205154485529669063132271934176967802
253355218992458582204397734416988940329
329437014229364563552690026116637504361
234542354961185649281778196154890263948
124657635630828092084115248580304693247
322807620172950857626297115695620956294
302787795765641007685652930823803308107
125380779162703048185407179504235184176
10515033801193468930615862696248448970
322783874373196454328713509889114400362
263267401111478221906418282842830783964
80341645167581886708835770799880199423
258760282311627081934534048815633826745
332247064384701923208211797232539554365
304259820967454129432701855328051078395
316032421285225422222051690327266971233
276631863060467959629702475395438924636
79806540606278553412620977020499484099
109524165443415806155355055608311603927
4178691536113158640827328233056100695
55057542952362974647681153402081292239
74864341479700114406256439056415090043
314631505274844868668096636171147425502
55897011081337223026513269841513864676
5576105982042472606722697609216392530
145439301499234026201662784061658368470
204688420262751051723182282382522394158
128204981297498716826633863051443912887
127946524704396126549729205129475164847
103568379921645569793768796475154073526
156865940756966674984744222225158013819
143004722663301392348255720055735947396
134515682461021206914517998227619401519
37749878686853913745865137900967359090
3883675764846110581280898370978401663
18477276245081332358854005325639369143
69905765284364256363675743989008827438
59386120878967267838006451357071066729
162173578960434361973406835872770884265
242208623299313587070780280760511113847
326913871497308815535741407405625115778
299016850741083825874181738185896769166
318572885260295592638725279112041417467
43594941503718680082879541795354909874
68195190284130216450818037326262490535
292113149079138468948943607774650761908
6339167220197958826735327176153407833
310001236931455660429523848041889830289
101194313319002512434741315421797047158
184125016789861154142866038582050795579
315214352986258367251646117079786934650
334755037534468766005476909550078285506
153065513060507063845834393852073874425
199510118872414704470037776859995368226
89338355459660301256166210403595658661
290118580581290437827451249010087978098
223235298067967371662738018267731209498
103877855732894220343967408878168483060
70733327301138077489603472648297303297
13220997627506760614684705667237472093
186560095552640008370760100173168672207
51536577146992846938136707653555235792
266327836430747456680340943132610433343
184021306381681488128545749577815087689
163825002490969109418689369112132592081
192364556129395564159921719055696654888
69721728790581728377583047380302943490
306775688967239352237173423491199107349
166901057198944344611328510643243323677
75903592949950235388701120643155808902
271044274460942307286868359991177752381
167163719289066208920009408109151613103
68943158767339321463477486076275751428
111167534175578396569102996640748275340
203762703985137178997121380865180658592
180469740152170058884604416593960563445
304709076372072100043968383698989448933
145776776250752541312456126036852592583
246809907653977988353793563438894077163
88842196430901775109359077035340449678
2068919862276430232648117658184553732
150297683490743666723297654578108209483
269024906456090755678328702124968188912
278441368444800359301121612921123231767
4342404358874126488265272107131289195
293739723037037574719843328016625956842
59729156208962871101052052908171475162
283206563126920283219573952817596195285
149197362081589531656008073215613220214
129851471894787273018753688779545802250
13731522274151931020349432890099505035
93205978977992911465038034422517970360
201989916352916850562630996730634091678
20747201682021098432413317747101198767
264903931542731173928838346550800370400
198032134439595042835254729560829299930
2724570152297583234044465266405138867
205464562138190144197671864758819123348
281280728021034435347665554450882997623
9953350561346510000567061827971861870
45762023440610401181759578402977456721
82815266173104841917391073705983220906
94151921809685415922014048243365146663
208524668461404580462120451918356205239
273731864385324045994787482051944225405
284389263379798286171477201182527706007
123397959656980887804953171273475920640
252628617045232452380245021923150617209
26910183210541989871230384379808098382
135793037480764793753662556383969195826
74894259184421774190144367364342118086
81317393616461763399164164280957374011
248052998951069310299645631752138499103
283562257079217957585257355022464947520
115770250663756757114103258202042918227
1270977370251866086064260684422549887
148512273192197900872293237384294988361
118443128141986951561864490118757080284
179048346109616628568978782830889072073
66163244417082378928586444686270927857
107502046836269714132873343543276546940
74602619212932861448144405491175857783
249617776598617751624538188056431746679
218086935507610391832376927115955621916
122353950723040073563362458759202226960
39933636994911067733073916550256260394
2210900560851586983790874640749319864
147388282336223041089248872036550891386
246093391385579750773457313678956169906
90969845401878251094252902750834606811
81091323045689812289146056343698001375
298610154776319371812569641256389853991
209984238555736804794180118690841207458
338113113780070867755569682495128381621
198546358413613694528848491085394059533
200657263065544219004166761390948533003
96498451912804779586140336144677802565
259256307140091420632180057003528546442
201339236856494084214434836714682731845
250882993203913635522683209784826459924
236829370819222442600799429551833461824
263107065282033360953060620823770307395
30241044699143946992993881246344945668
314943742196943932760029746490616342728
264390525887568490032252394261564547704
99994374136714044505271017378653548271
242370260815491969464638468699372185159
4088980993744465188413559277032924805
153366993514710580737615094756446680663
47796456711919198612226159410764062061
214495577747739073706484524952124898851
90016887822023486880994444843192119144
206562006819655740064242339175899173599
242237571855605991821304530244584820624
243242805518522765607926089379316185250
216521462132090439419293417467874964513
150077110521663793373188788446910423500
77979388246861698488449056425348945955
18059499463265218293293572721603933012
174948348866551435416829639097064853015
322980155534527919545750505120166488056
52082808385406950251724459464587301040
51809244986840665149089507061247083215
322080374033979180194830142414712647274
195452670250563272075979687022820327513
296183190081124900467641361949099704285
333685926056930687637817864926890264337
252697821584494241070539807696820207270
149867237551299313637841193108845889365
116730539738496309428664716443251843329
158144770782419412719010896628754170356
273350253429984600564344288785266588896
16041481989622019164126807864977724287
93695079489292443001524381728641787271
311738763865420752100416679870584668725
17771162471259817757192997945330156305
64948833561102521279944869687811164694
259576074102652910101779939461525133119
71411212660127982973444795482049317977
286527380971326782791907679773492306294
34292513254732416360847226279924284495
201871158068494735536832943617610869013
172457718798099381955051619204944567345
277486666131999518956959741931296232862
222676847265013835195885705830453684287
84731702059368469914519466077993577994
263821381550054268859057379056661550140
148432105971146062177170947124788950261
297339505446600088357461072190475418831
195121455530089055574357274067069672883
272567282753055431813200794977307380231
276810955676831405609775722492729511264
14389824987308154744472670083219909117
322303388591007282608055978775068187409
222457608038264521128602368509013982066
269816911276900804756769153886197128169
274895670954219286813801580554169417247
224586492472952396157687192325152565715
192187179406503830007477567733975557446
179560182014332631543516059982542654544
133074193460062548174539918492341458735
159792997950441536250833266034200576671
22657003553260494339905781733043864052
268419691253226044162346065956030225937
116815752808935229163552124045886841563
62690322874923449974485997957758459789
302072584205844657798470944231986982831
13976935519590671252004316133003213111
151110592094684897183806733386291274705
222287680681326128342150340711234711085
281892376541023180264472989711014160388
269585499894083899554133340443492513299
62282795755182655387805879870196146604
259548858670798959239797072791262265999
134288107107225536545795041961900967174
236837294441801996386077162833651616048
69801972382219536765426689983060485115
219048336977899083998992408460788318879
8469754081972641825003969461479935763
135487065924562096636076553868705590045
66993792543397931404715482153889971708
334914589391105304345365822331614328722
132250439840742243344490928989630823718
46330909952656169384153943086695943387
85983012211984465971723001989250035756
300208557632162815130982191886741986614
59495691194066071279107813343009151663
113473455978473418599071558144050001212
135895426075384661775639909505713649797
19012722599980760968912528810533237040
220323217505047437735729422649295651698
155970231000638531032297874347398575335
293339313016972273894966895084185909067
176896021611760936419371575582313357577
222294818753931383345986280363134915890
44084910188835347126706886583247896488
47007028613208798234231212247718135034
61763997029961053459205644788678002418
51268658523781648263311263320672404325
315871413958933108788181787120288645582
43166885302536734459061459979759433569
2521366417355624424508633167804441131
251784485610173438029398469021453098529
190712529352174014452715891147993102401
172926990356244018721951420890078258673
106269541950258141127240987887701012800
251141265906973449920648326431630230945
330988824540071934541310983044660148112
28359993407008139845920314842367276710
303403848586119704616236782434693466521
25397285602777156703356670642052566166
286049827692380345505806115505990593318
215652092080695579650511545036942097463
252895476008830287213022011778281818315
236044678817649954392353874299732232848
53305229414733941716029529332751413001
9888912168171015187126395843455335750
106065814374740163770983304999648194209
119973318665009279720380307488207459863
228671141092635728473964519039237713671
230363015298162076155409656923690024537
113126037645558493114266298863743068241
238507955705733971642837037878298892990
129416303770297546959568401739144723389
185251890012860108064677551769593875424
207190239513263501766839024904547513129
95682199579111887073659533138165517416
75912437423827183545165302481582113790
155121937299130996089410566096374199550
55907264663466003282128880780284465164
193521232693420865962747230673128150678
132715126372143395405008880070421715164
191364662280849730623916925655692235096
234081486582741612718867031221664789620
253858224938594054159888984444652495396
120275995812041431927255927329028130254
195563856597615378968742433786888270071
1284697759247870461086705022041291675
261625390652442028444483611912696274240
154964760473310459309395632499279837240
282469524358812846470738164963292141835
281012015270383999173143950635355504473
88089439637663531360730205069173759803
274585524236026468120696989803743494956
329873653311050887993802242646366957842
17335948148297196885389955800133800649
298872258915822598726833600270964711865
25710697727009283299567672165904608442
28807849743747919617340371147878109115
332657737966816303072518009635265221850
228567124310015748756455127704182668519
202365656574263903470236758744175422788
252302019768253248345881215047881316462
277124012590184962417094015907689907725
205232051828130676244092181025518921550
203347001305211901107254467044686533582
59910858084538495468625126974541905556
103397542251027571155027443327993705119
32637185968705469886907121648916990404
48326173664211943780957592963491868992
22288491901792109929263834702260277962
241425325813213531119413930091825149479
65233101229360284436481808349141250210
164758454886659500513119402823704980897
187789813146340910029426700225311519185
153208636697934862635865539653555852922
262859677600808345738839629098303942063
94300625094551901139113026087116799118
259723729261746021148296992046364442381
168910651563145052365302842257095214401
255218859025325321695821187089599540470
154938361056082325626285641930570646452
20417122921820444810178572571558955249
8198043932678760924703206097608056926
297939247909595820147396669996496730685
194261539526037807987125916377126418167
323881103612534222043613071886637390396
19984000530954300163331191474941949417
36135483628615471266113846736769655495
154892830886623679771128892233253229581
146702737981406553737773238640518577844
148104461898244209125110865462224563706
37585084571563773266310342116721320226
12335988844739080392625710873484072299
183436569811200125107149998657178874815
26540408471540094276246946122109553694
228931944641556907726369179675557333463
31667808455792428617308101318677267676
70036798315785659609386325239792830447
25099025166068441270638856186959986659
301100678329747832975400100415611057987
102713736140622552728643210436238168275
267152607747864829917501922830196535397
299282359556456681497155341345109184314
4028212411891594084831698865684233935
284791380685558534965998185439514500529
249842146689139867763599198017592975631
8408372910273607686217143695130877429
225845090250274967376068213552887655775
163413833165080541594003155021194224119
176887909362520645561279051859125392768
289601163005083156592269946508045792951
278486916073495989569949230662166120034
207190609651930971966036525687320226524
308364529535898099971785539460910977269
273407168818237525863570242597720322470
131714213438093460064034678092820959033
302309102241243156416331202460205832352
17404813034963485056351677312866273552
29015669126943687760807173892177586444
254652740590471179549029904080025996598
321427134343614953254577583008727352742
290301410164228464302946806168473765840
108821376413424113176984982305225328195
76702080186924890391118224472344088402
107446499630091924677946046780688585157
203245082767931635869070360378233432000
80321222624344189035897359666222060739
27525994597043260860058826516747244873
119773347938961877649006949321678512431
258905350184911301026513553850321426924
127343818680229230726444837242055960982
176114808606573366783546177997441439315
20832610610431772164531069759523683684
140209476917732167874209277094296842071
260346343954861997342337352854676730542
270328230197489330099393318416358547065
47294832168318309386945152919052313172
33488572903388860822207637257727092876
95392613138068817895991069767855168780
299535314409361819459790640748743708880
64597603622031066896886450804852732485
111163957023499788848088864231257444443
115319625742577718796590307604476983417
231796305517411138493281462141422959108
224879620857993654645996175595735508266
288751588903930397865295146972961282153
43449495557205037766041593892502855049
221699048531657458487397324857760361672
93648228016063989549667339456094132576
200787738412196560929145880396074580551
257187125716698956909353861539554037806
70890893543006621106120569787766251401
63347477710102848228676367796145624594
201108060408288427733261373443469901882
305782599335720904863645309839136662618
300853584214652768342034945894053037700
165061661544022305791474672753317842319
124666872536421281705128365144463061782
317097686026687336498535364461129861892
82203694481693905219868913852052014976
317546867337260107341400320945044767320
320957753726624170562053251887242402864
297591260836144810932225490401121490643
255502869568365845701618366272487156031
301708057148921336907376385524619012760
258609164158218213471010550898477229197
11209694510657925920080487551952669675
184043508892199856947185208310256316855
258573074956555968533039840179844645969
280306310994567412012795808105236605087
76822354746646809200461425521731643323
106165211334741363747935312481541965823
188451388874981228416743413528778607711
334050509581522011939044231389233621040
328659576053963567531173422633831824815
201717822369732583531791947489836000285
722158818545804675624860115508722737
105167149700859897196899225429963760361
203577408662466330829687323977178413617
284572527182282901977620682071626543774
134312225378970342861242730486443219098
231162777667118945819848231302813545152
11088249653113646394874520609251216202
217178174250008604853964369390588242579
10909383989582966145093428581468944928
153134180995636880095312598006027302273
131153959996816194064188182283013030949
13590006604215647734688659804264305244
49879121399162125855257873417616041380
6690991771092402485553306296696457091
116613602082172001255451955521379429290
132649315451854085352421533844915015188
118782564267474025070211510008203586022
12723195380569276878083638504431708743
302915240798777107314041452027798661435
260595955997956050119602864934279816133
297921163409172570811384126209901961948
159276523160128870949465571606575853692
224522543840211664116375841958665997631
142131885548575589625716746854104595284
10117896746671926031060491147933484225
226387797690871872615786650062737546629
154431046602101593701841330804999362407
265004598356654730711926396057592507030
117426683780649447631039616714913288860
144210743975309184725110120074042477862
246394168185536019243020548604458151103
94180169207231055898127325717076338862
81433236489067257261619071863192783423
38699159998371862948122219669269634749
234094018353257569005952568856323102421
267982624578477025691262935902488061607
107409403780713983194079476372165406067
166033325073276169964997454123652200397
65755762887702942741576050332413214575
178462279263015512693726490853566003050
86166106042196611740527487693391583283
267094080660545746900346084187309456583
14261188685834736541953810247933424265
47701951360867180195391179467742009119
139680221757777125332896553837836435418
107334059469907438360093262078528515375
79532256501199985316059040434420983963
35063969046104792929500514211810550641
295685003057705890609818366492750984628
102979676625223057275290225896062120162
163021103198015704850623783282129037900
193934438169332962058085429276013093738
294392542914882066287809652706776843764
150899491635100500904394420926174900453
177533445302965851430821927107156079443
306154747480015400874172499846794949390
258259433693807621738609158902420910408
34086990362138852026324795626361619885
235260501725847199630209500024775943001
19427705313397980733967530339702833707
82493077188981152275891143454172439142
226373232760294759409979089699722979016
174750633186745728095415388931280874983
91622338571760315085368223996077698783
307482237586154901243272813957812915027
237604822073807414068095368150078472327
16220167531874229247507202055802853431
181613829698975838137916040312451855948
140344417808649432488351469765168800544
244496271117199845810069973775757532545
173608749051663216392508059095284719353
330797943060307749779590890111592861455
115127956121548743125396596543483669801
273975699477207643081968375079900495790
321297102160948822708874776844931407502
244219374811626474806617145435291135825
236041165865441450437632874125639696063
167749743242212396170078098733721346019
270577236498722732312482589770713185531
70105257278939751645983606267670732599
224249635567476414866941870808384637327
316195947633461005846816811341773133616
28874009740387138190266577215993558563
241157781503042788748286617156831975855
199447942535558224452341114928489483395
258656834422766758026928023116421876540
233449078883770394134731006649385706368
256744957856984465604987247449924806153
199299382792186954191789005724353743059
64154349004201231512343233781755532564
170789383306614670928791492961233981104
206735745983364617074100867103794874090
135140740417041778412994153372376609832
240531756301330193579841417842541815367
329370859696940031405555519142179768690
64341873075195272555723606166945141579
71193350823723705252794096804025967028
41864875801893339849322219182130376005
190782090528935124562426599947936078539
18477507497109466170155133538323785603
197096598717069029926493282107138599978
318991443615313112137952712544720734653
280439429418490195049252992925335023875
158877644371143364600800642467426056368
9808937322443497082578637036759461891
261870423370162003870654257453006001615
127974249516863161390700440608322520457
114379669826387746738179207467342377204
130994530537688176004433854867408324523
170509351507963329790392399157505703201
268097198391493617362383779534176572946
75233263498054688168899189007302008400
36392067375748867993569686657205761397
99496424501004917791851997920997501262
227870799390202196246112566523291155346
19353419896714898155579042425339475615
213229097184433092441317601779825009347
55125138226891223812508345942337893423
88547862185087816085505698879823285491
284971930190928894777334868167562671754
299217023924417242084398667929600821503
144397449831655942022745003079246970468
142129764460415237063488600896950022594
164737225957623458206156454040873287861
222980580282080407212546651104993025045
53210155671465025473415728385245617537
216761230166080815235352079786322990473
34183297769914990459244318714048489776
170451983740628542499276497682911527887
233874259830915049088122785428177039600
176860906184861728848486338793535839272
27851821652840754298901527226913380848
32829523540780251231912568540274780804
99631882134449617228613991280761730126
62068913668138270888768987316217423204
19621473356585710765355578192174379153
203417264281055791843126059797921202990
80785174981620629101261221317369429866
240176828260685903729104945341432465350
